1000
111111
1110010
100101
1011110
10110
1110100
110001
1001
11100
1011
1101101
101110
1000011
100
1001101
1100101
100011
1101010
1011010
1011000
1011
111100
100001
10010
1100111
101111
1
110101
1011111
1111110
1011011
11101
1110000
1111111
1111010
101
1110010
101010
1101
1101
110100
1111001
111010
1110110
1111100
110
1011010
11110
1110000
110011
1110110
1111010
1101111
10110
1100
1010101
1000101
1100
1001
100011
1001
1100011
111111
1111000
1100001
111000
1111101
1010010
1100001
1001
1011111
10100
10
11000
1010
1111101
11110
1100011
11011
1101
10110
10000
110
100
100101
10001
1011000
1101001
11100
1100000
1011
100101
1000011
1001001
11100
100011
10000000
11000
1110101
1100000
100001
1010011
1110100
100010
1101010
1111101
11110
111
1011111
111000
10011
1110100
1000111
11001
1110111
1101100
101001
1001110
1010100
1000101
101110
1011111
1101001
1110000
100111
100
10010
100111
11100
110
110
111100
1011000
1111001
1011101
1000010
1110101
1111010
1001000
1010100
110010
1011011
1000111
1111000
1110011
111110
1100011
11011
1011
110111
1011111
111000
10101
1000111
100111
111011
1001011
111001
1100001
1100110
111110
1100111
100001
10110
1011111
1111101
1010111
1010100
1110110
11110
100111
100111
1111000
1101101
11111
1101010
101010
1
101
110101
110111
1100011
1101100
1001011
101010
10011
110
1110100
1001011
1100110
1011001
1000
1001100
1111001
11101
101011
1110101
1110011
1111110
1101010
10001
100100
10001
1000
10000
101111
1110010
111010
101111
1110110
1101110
1100110
1011000
1011001
110000
1
1101011
110101
1110100
110101
11011
1001100
111101
1100110
1000100
1011001
10000
111000
1001100
1101
100010
1011100
110000
110010
1100011
1000000
1100000
1010100
1111001
1110
1001001
1100110
1110011
100001
111110
100011
100001
101001
1010111
10101
1011101
1110001
1100000
11001
1010111
100100
1110010
1100110
1011011
111101
1110011
1111100
11000
100010
101101
1111010
1100001
1100
1001110
1011001
11010
10110
111110
1100
110110
1111100
101110
1010111
100100
101
1101011
10000000
1110101
1001010
11001
1001011
1101101
1010
110001
1001000
1000110
100011
1000011
1011101
1000100
1110000
1010110
100101
1111011
100011
1111101
10100
111001
111011
100000
1101110
110110
1001101
1000100
1011001
1010001
101110
1011000
1000110
1111000
1110000
10000
1100100
1111001
1000000
101011
111110
1100010
1101110
11010
100110
1011101
1110000
1001010
1010111
10010
1000110
1101011
1001010
10000000
1010
111000
110101
1010110
1111011
1101
100111
101001
1100101
1101100
100000
1010100
1111011
11
1001101
111011
101110
1010
11100
11011
100100
1000001
1110111
10011
1010
1001101
100100
1010000
110111
1101110
1001111
1000000
100101
100
10110
11111
10000
111100
1000111
1110100
100111
1100110
1001000
100001
1101001
10100
1011011
10110
11101
1110111
110000
1000000
110111
100110
1010010
1000001
1110010
1110110
10000
101001
1100011
1011110
1101000
111
1100001
1111101
100101
1110001
111000
1101100
1100100
1011110
1010001
101011
1111111
111001
111110
1011001
1001110
1011011
1001111
1111101
11010
110
100010
1101100
1000110
10100
1100001
1010101
111100
1000011
110010
100011
1001001
10011
100000
1101101
11
1010111
1011000
1100110
110101
101001
10001
110011
1100001
1001110
1011
101111
101000
1011010
101011
1000010
1011111
1001101
101101
100100
1100000
1101
1111000
11011
1001111
101001
111101
10111
111011
1011100
11
111101
110011
1011011
100011
1100111
11
110011
11001
1100011
10000000
100011
10001
101000
1111100
111100
1101001
1011010
1000
10101
1111101
1100111
100001
1110100
1
1101111
11101
111101
101
1010111
11001
111
10100
1001011
1100001
110110
110001
1100011
1101000
1001001
1000110
1100111
1101011
1010110
1110
1100111
10001
1110110
1000000
11000
1010
111101
1111110
101010
110000
1111110
11000
1001100
111011
11100
100011
1010011
100011
110110
11101
11
1101011
1001101
1100110
1010010
10101
101011
111000
1111111
10000000
1000110
1100101
10001
111011
100101
101000
1000101
1100001
100110
1101110
10000
100011
110
1011100
1011101
100001
1111110
101111
1000011
110011
1001011
1000110
11101
10111
101011
1101110
101011
1010101
100101
101010
1010100
1101010
1110
1100100
100101
110010
1100
1101001
10010
110001
1010110
100010
1010011
1011011
1111101
110000
1111100
1111010
1011110
111110
101100
101001
11
1001000
111111
101101
110101
1101010
1
1011001
10011
1010101
1000011
100000
111000
1100111
1010010
1000011
1001111
1100011
1110011
100100
100
1000110
1111111
10000000
1110101
1111010
1111001
1010010
110111
100100
1111010
111010
1101011
111001
1100110
11111
100010
1100111
1111000
110100
111011
111010
1010011
1110010
100000
100100
110101
1101110
111
100111
10001
1010
1101100
1111
1010
1100000
1000
10
110010
111111
100110
101011
1111000
10000
1100011
1011101
101111
100
1000011
100110
110111
1111101
1011111
1010
1101111
1111110
101101
100011
1101011
110011
1001001
1111011
111101
110101
1010
1000110
10100
10001
1000111
1000101
1001111
1101100
1110000
1000110
1111100
1010010
100011
101010
1010110
1100101
1001111
1100
1100010
101101
10101
1010000
101010
1000010
1110010
10100
1110100
111010
1110
110000
1101110
10111
1110101
10
101000
111100
1000110
1110110
100111
110101
111100
100010
111
1011110
1001011
1011100
1000010
11001
1100111
100011
1000101
1111100
1110010
1101110
111101
1100011
1
110000
11101
1111
1100000
1010
100101
1010100
1011
1001100
1111
1010001
1000010
110110
101
1111101
1010111
1011
1011010
100010
1100110
11011
111010
1001101
111110
1111111
1001000
101111
1101100
100
10010
1101101
110011
101110
1111011
10010
110111
11111
1100110
1000010
1101011
1110100
10010
101100
101001
10110
101000
10000000
100001
1
100001
110
11011
1011010
1010010
1011000
1011000
11001
111
1000100
11100
11000
110000
1001111
1000101
101010
1100000
1111011
1001000
1000101
111100
110010
111001
1001101
1011101
1100001
1100011
100
1100000
11
100
10000000
1000
11111
1011010
1011010
1110110
110001
1110010
1111100
1110100
1110
10011
100011
1011100
1010111
1001100
111011
1010010
10100
10000000
1101
1000101
111000
1011010
100010
11000
111100
100101
1111000
111110
101001
1110111
1000101
1000111
1010000
11110
111100
1
10000
111000
1110100
11101
1001010
10111
1111000
100001
1100010
110010
1110010
1110101
110001
1111110
111010
1101000
1010111
1011011
10000000
10010
1111111
1110111
1001111
100111
1101101
10100
1101101
111101
110001
101001
111101
1000000
1100000
110000
1011100
101001
1000110
1010011
1001001
101000
101
111010
11100
110101
111000
1010101
11101
1110
101111
11100
100000
101110
10010
1101110
1010100
1111110
1
1000001
111010
110010
1101001
1110110
1110001
1001000
100110
1001101
1110000
1101011
11111
111001
10010
100011
1110010
101110
1011000
101001
10
1110100
110111
110001
1111
1010110
1011110
100000
1000011
110001
11101
1000100
1110001
1010111
1110101
1011001
1001100
1100101
100000
1110001
110001
10000
1011100
1010000
1001000
1101101
1110010
111001
11010
1001001
1100010
11100
111100
11000
1001100
1001010
1101101
101001
1101001
101111
1011001
110
1110010
1001010
1011100
1100110
100010
100111
1001011
1000010
11000
1111011
1010001
1110011
1001010
11000
1011111
111100
1010000
1111001
100
110001
10100
1000000
1001000
1011111
1001
110100
111
1110010
1100011
1011111
1110111
1010100
101000
